title:Bessa - Rolls Season 26 
description: Season 26 updated

// Eyes Unveiled - 727781522
//notes: tags:Bessa
dimwishlist:item=727781522&perks=839105230,689005463,3400784728,1134488199
dimwishlist:item=727781522&perks=839105230,689005463,3400784728,2904194311
dimwishlist:item=727781522&perks=839105230,689005463,573122728,1134488199
dimwishlist:item=727781522&perks=839105230,689005463,573122728,2904194311
dimwishlist:item=727781522&perks=839105230,689005463,3643424744,1134488199
dimwishlist:item=727781522&perks=839105230,689005463,3643424744,2904194311
dimwishlist:item=727781522&perks=839105230,689005463,2682205016,1134488199
dimwishlist:item=727781522&perks=839105230,689005463,2682205016,2904194311
dimwishlist:item=727781522&perks=839105230,689005463,2010801679,1134488199
dimwishlist:item=727781522&perks=839105230,689005463,2010801679,2904194311
dimwishlist:item=727781522&perks=839105230,689005463,3797647183,1134488199
dimwishlist:item=727781522&perks=839105230,689005463,3797647183,2904194311
dimwishlist:item=727781522&perks=839105230,2680121939,3400784728,1134488199
dimwishlist:item=727781522&perks=839105230,2680121939,3400784728,2904194311
dimwishlist:item=727781522&perks=839105230,2680121939,573122728,1134488199
dimwishlist:item=727781522&perks=839105230,2680121939,573122728,2904194311
dimwishlist:item=727781522&perks=839105230,2680121939,3643424744,1134488199
dimwishlist:item=727781522&perks=839105230,2680121939,3643424744,2904194311
dimwishlist:item=727781522&perks=839105230,2680121939,2682205016,1134488199
dimwishlist:item=727781522&perks=839105230,2680121939,2682205016,2904194311
dimwishlist:item=727781522&perks=839105230,2680121939,2010801679,1134488199
dimwishlist:item=727781522&perks=839105230,2680121939,2010801679,2904194311
dimwishlist:item=727781522&perks=839105230,2680121939,3797647183,1134488199
dimwishlist:item=727781522&perks=839105230,2680121939,3797647183,2904194311
dimwishlist:item=727781522&perks=3661387068,689005463,3400784728,1134488199
dimwishlist:item=727781522&perks=3661387068,689005463,3400784728,2904194311
dimwishlist:item=727781522&perks=3661387068,689005463,573122728,1134488199
dimwishlist:item=727781522&perks=3661387068,689005463,573122728,2904194311
dimwishlist:item=727781522&perks=3661387068,689005463,3643424744,1134488199
dimwishlist:item=727781522&perks=3661387068,689005463,3643424744,2904194311
dimwishlist:item=727781522&perks=3661387068,689005463,2682205016,1134488199
dimwishlist:item=727781522&perks=3661387068,689005463,2682205016,2904194311
dimwishlist:item=727781522&perks=3661387068,689005463,2010801679,1134488199
dimwishlist:item=727781522&perks=3661387068,689005463,2010801679,2904194311
dimwishlist:item=727781522&perks=3661387068,689005463,3797647183,1134488199
dimwishlist:item=727781522&perks=3661387068,689005463,3797647183,2904194311
dimwishlist:item=727781522&perks=3661387068,2680121939,3400784728,1134488199
dimwishlist:item=727781522&perks=3661387068,2680121939,3400784728,2904194311
dimwishlist:item=727781522&perks=3661387068,2680121939,573122728,1134488199
dimwishlist:item=727781522&perks=3661387068,2680121939,573122728,2904194311
dimwishlist:item=727781522&perks=3661387068,2680121939,3643424744,1134488199
dimwishlist:item=727781522&perks=3661387068,2680121939,3643424744,2904194311
dimwishlist:item=727781522&perks=3661387068,2680121939,2682205016,1134488199
dimwishlist:item=727781522&perks=3661387068,2680121939,2682205016,2904194311
dimwishlist:item=727781522&perks=3661387068,2680121939,2010801679,1134488199
dimwishlist:item=727781522&perks=3661387068,2680121939,2010801679,2904194311
dimwishlist:item=727781522&perks=3661387068,2680121939,3797647183,1134488199
dimwishlist:item=727781522&perks=3661387068,2680121939,3797647183,2904194311


// Watchful Eye - 1757177186
//notes: tags:Bessa
dimwishlist:item=1757177186&perks=839105230,2420895100,3643424744,3966416502
dimwishlist:item=1757177186&perks=839105230,2420895100,3643424744,3218042543
dimwishlist:item=1757177186&perks=839105230,2420895100,3643424744,2633604463
dimwishlist:item=1757177186&perks=839105230,2420895100,3643424744,717070634
dimwishlist:item=1757177186&perks=839105230,2420895100,2682205016,3966416502
dimwishlist:item=1757177186&perks=839105230,2420895100,2682205016,3218042543
dimwishlist:item=1757177186&perks=839105230,2420895100,2682205016,2633604463
dimwishlist:item=1757177186&perks=839105230,2420895100,2682205016,717070634
dimwishlist:item=1757177186&perks=839105230,1087426260,3643424744,3966416502
dimwishlist:item=1757177186&perks=839105230,1087426260,3643424744,3218042543
dimwishlist:item=1757177186&perks=839105230,1087426260,3643424744,2633604463
dimwishlist:item=1757177186&perks=839105230,1087426260,3643424744,717070634
dimwishlist:item=1757177186&perks=839105230,1087426260,2682205016,3966416502
dimwishlist:item=1757177186&perks=839105230,1087426260,2682205016,3218042543
dimwishlist:item=1757177186&perks=839105230,1087426260,2682205016,2633604463
dimwishlist:item=1757177186&perks=839105230,1087426260,2682205016,717070634
dimwishlist:item=1757177186&perks=839105230,1431678320,3643424744,3966416502
dimwishlist:item=1757177186&perks=839105230,1431678320,3643424744,3218042543
dimwishlist:item=1757177186&perks=839105230,1431678320,3643424744,2633604463
dimwishlist:item=1757177186&perks=839105230,1431678320,3643424744,717070634
dimwishlist:item=1757177186&perks=839105230,1431678320,2682205016,3966416502
dimwishlist:item=1757177186&perks=839105230,1431678320,2682205016,3218042543
dimwishlist:item=1757177186&perks=839105230,1431678320,2682205016,2633604463
dimwishlist:item=1757177186&perks=839105230,1431678320,2682205016,717070634
dimwishlist:item=1757177186&perks=3661387068,2420895100,3643424744,3966416502
dimwishlist:item=1757177186&perks=3661387068,2420895100,3643424744,3218042543
dimwishlist:item=1757177186&perks=3661387068,2420895100,3643424744,2633604463
dimwishlist:item=1757177186&perks=3661387068,2420895100,3643424744,717070634
dimwishlist:item=1757177186&perks=3661387068,2420895100,2682205016,3966416502
dimwishlist:item=1757177186&perks=3661387068,2420895100,2682205016,3218042543
dimwishlist:item=1757177186&perks=3661387068,2420895100,2682205016,2633604463
dimwishlist:item=1757177186&perks=3661387068,2420895100,2682205016,717070634
dimwishlist:item=1757177186&perks=3661387068,1087426260,3643424744,3966416502
dimwishlist:item=1757177186&perks=3661387068,1087426260,3643424744,3218042543
dimwishlist:item=1757177186&perks=3661387068,1087426260,3643424744,2633604463
dimwishlist:item=1757177186&perks=3661387068,1087426260,3643424744,717070634
dimwishlist:item=1757177186&perks=3661387068,1087426260,2682205016,3966416502
dimwishlist:item=1757177186&perks=3661387068,1087426260,2682205016,3218042543
dimwishlist:item=1757177186&perks=3661387068,1087426260,2682205016,2633604463
dimwishlist:item=1757177186&perks=3661387068,1087426260,2682205016,717070634
dimwishlist:item=1757177186&perks=3661387068,1431678320,3643424744,3966416502
dimwishlist:item=1757177186&perks=3661387068,1431678320,3643424744,3218042543
dimwishlist:item=1757177186&perks=3661387068,1431678320,3643424744,2633604463
dimwishlist:item=1757177186&perks=3661387068,1431678320,3643424744,717070634
dimwishlist:item=1757177186&perks=3661387068,1431678320,2682205016,3966416502
dimwishlist:item=1757177186&perks=3661387068,1431678320,2682205016,3218042543
dimwishlist:item=1757177186&perks=3661387068,1431678320,2682205016,2633604463
dimwishlist:item=1757177186&perks=3661387068,1431678320,2682205016,717070634
dimwishlist:item=1757177186&perks=4090651448,2420895100,3643424744,3966416502
dimwishlist:item=1757177186&perks=4090651448,2420895100,3643424744,3218042543
dimwishlist:item=1757177186&perks=4090651448,2420895100,3643424744,2633604463
dimwishlist:item=1757177186&perks=4090651448,2420895100,3643424744,717070634
dimwishlist:item=1757177186&perks=4090651448,2420895100,2682205016,3966416502
dimwishlist:item=1757177186&perks=4090651448,2420895100,2682205016,3218042543
dimwishlist:item=1757177186&perks=4090651448,2420895100,2682205016,2633604463
dimwishlist:item=1757177186&perks=4090651448,2420895100,2682205016,717070634
dimwishlist:item=1757177186&perks=4090651448,1087426260,3643424744,3966416502
dimwishlist:item=1757177186&perks=4090651448,1087426260,3643424744,3218042543
dimwishlist:item=1757177186&perks=4090651448,1087426260,3643424744,2633604463
dimwishlist:item=1757177186&perks=4090651448,1087426260,3643424744,717070634
dimwishlist:item=1757177186&perks=4090651448,1087426260,2682205016,3966416502
dimwishlist:item=1757177186&perks=4090651448,1087426260,2682205016,3218042543
dimwishlist:item=1757177186&perks=4090651448,1087426260,2682205016,2633604463
dimwishlist:item=1757177186&perks=4090651448,1087426260,2682205016,717070634
dimwishlist:item=1757177186&perks=4090651448,1431678320,3643424744,3966416502
dimwishlist:item=1757177186&perks=4090651448,1431678320,3643424744,3218042543
dimwishlist:item=1757177186&perks=4090651448,1431678320,3643424744,2633604463
dimwishlist:item=1757177186&perks=4090651448,1431678320,3643424744,717070634
dimwishlist:item=1757177186&perks=4090651448,1431678320,2682205016,3966416502
dimwishlist:item=1757177186&perks=4090651448,1431678320,2682205016,3218042543
dimwishlist:item=1757177186&perks=4090651448,1431678320,2682205016,2633604463
dimwishlist:item=1757177186&perks=4090651448,1431678320,2682205016,717070634


// Adamantite - 3229982889
//notes: tags:Bessa
dimwishlist:item=3229982889&perks=839105230,3142289711,692399809,2298656195
dimwishlist:item=3229982889&perks=839105230,3142289711,692399809,674546187
dimwishlist:item=3229982889&perks=839105230,3142289711,4070834277,2298656195
dimwishlist:item=3229982889&perks=839105230,3142289711,4070834277,674546187
dimwishlist:item=3229982889&perks=839105230,1087426260,692399809,2298656195
dimwishlist:item=3229982889&perks=839105230,1087426260,692399809,674546187
dimwishlist:item=3229982889&perks=839105230,1087426260,4070834277,2298656195
dimwishlist:item=3229982889&perks=839105230,1087426260,4070834277,674546187
dimwishlist:item=3229982889&perks=3661387068,3142289711,692399809,2298656195
dimwishlist:item=3229982889&perks=3661387068,3142289711,692399809,674546187
dimwishlist:item=3229982889&perks=3661387068,3142289711,4070834277,2298656195
dimwishlist:item=3229982889&perks=3661387068,3142289711,4070834277,674546187
dimwishlist:item=3229982889&perks=3661387068,1087426260,692399809,2298656195
dimwishlist:item=3229982889&perks=3661387068,1087426260,692399809,674546187
dimwishlist:item=3229982889&perks=3661387068,1087426260,4070834277,2298656195
dimwishlist:item=3229982889&perks=3661387068,1087426260,4070834277,674546187
dimwishlist:item=3229982889&perks=4090651448,3142289711,692399809,2298656195
dimwishlist:item=3229982889&perks=4090651448,3142289711,692399809,674546187
dimwishlist:item=3229982889&perks=4090651448,3142289711,4070834277,2298656195
dimwishlist:item=3229982889&perks=4090651448,3142289711,4070834277,674546187
dimwishlist:item=3229982889&perks=4090651448,1087426260,692399809,2298656195
dimwishlist:item=3229982889&perks=4090651448,1087426260,692399809,674546187
dimwishlist:item=3229982889&perks=4090651448,1087426260,4070834277,2298656195
dimwishlist:item=3229982889&perks=4090651448,1087426260,4070834277,674546187


// Psychopomp - 4028298892
//notes: tags:Bessa
dimwishlist:item=4028298892&perks=1478423395,2822142346,2010801679,3218042543
dimwishlist:item=4028298892&perks=1478423395,2822142346,2010801679,2633604463
dimwishlist:item=4028298892&perks=1844523823,2822142346,2010801679,3218042543
dimwishlist:item=4028298892&perks=1844523823,2822142346,2010801679,2633604463


